500 0 0
600 0 0
700 0 0
800 0 0
900 0.1 0
1000 0.2 0
1100 0.3 0
1200 0.2 0
1300 0.9 0
1400 0.8 0
1500 1 0
1600 1 0
1700 1.1 0
1800 1.1 0
1900 1.2 0
2000 1.1 0
2100 1.3 0
2200 1.2 0
2300 1.4 0
2400 1.5 0
2500 1.8 0
2600 2.1 0
2700 2.2 0
2800 2.1 0
2900 2 0
3000 2.1 0
3100 2.3 0.1
3200 2.3 0
3300 2.6 0
3400 2.8 0
3500 2.8 0
3600 3.4 0
3700 3 0.1
3800 2.9 0
3900 3.1 0.1
4000 3.3 0
4100 3.4 0.1
4200 3.4 0
4300 3.5 0.2
4400 3.7 0.2
4500 3.6 0
4600 3.7 0
4700 3.4 0
4800 3.5 0.1
4900 3.6 0
5000 4 0.5
5100 4.4 0.5
5200 4.2 0.2
5300 4.2 0.4
5400 4.8 0.4
5500 4.5 0.4
5600 4.4 0.7
5700 4.7 0.6
5800 4.8 1
5900 4.9 1
6000 4.8 1
6100 5.2 1
6200 4.6 1
6300 5.1 1
6400 5.4 1
6500 5.2 1
6600 5.6 1
6700 5.6 1
6800 5.5 1.1
6900 6.1 1
7000 5.8 1
7100 5.7 1
7200 5.8 1.1
7300 6.1 1.1
7400 6.1 1
7500 6.1 1
7600 6.4 1
7700 6.2 1
7800 6.7 1
7900 6.3 1.1
8000 6.7 1
8100 6.6 1.1
8200 7 1.4
8300 7 1
8400 7 1
8500 7.1 1.1
8600 7.7 1
8700 7.2 1
8800 7 1.1
8900 7.7 1.1
9000 7.7 1.2
9100 8 1.1
9200 7.9 1.1
9300 8 1.1
9400 8.1 1.3
9500 8.4 1.3
9600 8.3 1.1
9700 9 1.3
9800 8.7 1.2
9900 8.6 1.4
10000 8.1 1.8

