500 0 0
600 0 0
700 0 0
800 0 0
900 0 0
1000 0.2 0
1100 0.2 0
1200 0.7 0
1300 0.8 0
1400 1 0
1500 1 0
1600 1 0
1700 1 0
1800 1 0
1900 1 0.1
2000 1.1 0
2100 1.5 0
2200 1.5 0
2300 1.7 0
2400 1.8 0
2500 1.7 0
2600 1.7 0
2700 1.9 0
2800 2 0
2900 2.2 0
3000 2.3 0
3100 2.1 0
3200 2.5 0
3300 2.7 0
3400 2.6 0.1
3500 3 0
3600 3 0
3700 3.2 0
3800 2.8 0
3900 3.1 0.1
4000 3.3 0
4100 3.5 0
4200 3.7 0.1
4300 3.5 0
4400 3.9 0
4500 3.8 0.1
4600 3.7 0.1
4700 3.8 0.1
4800 3.9 0
4900 4.1 0
5000 4 0.5
5100 4.1 0.4
5200 4.9 0.3
5300 4.6 0.4
5400 4.6 0.6
5500 4.7 0.1
5600 4.6 0.7
5700 5 0.5
5800 5.1 1.1
5900 5.1 1
6000 5.1 1
6100 5.8 1
6200 4.9 1
6300 5.2 1
6400 5.7 1.1
6500 5.4 1
6600 5.6 1
6700 5.5 1
6800 5.9 1
6900 6.2 1
7000 6 1
7100 6.2 1
7200 6.4 1
7300 6.2 1.1
7400 6.5 1
7500 6.6 1.1
7600 6.9 1.2
7700 6.6 1
7800 7.4 1.2
7900 7.2 1
8000 7.2 1
8100 7.1 1.2
8200 7.5 1.2
8300 7.4 1.1
8400 7.9 1.2
8500 7.2 1
8600 7.4 1
8700 7.5 1
8800 7.7 1
8900 8.1 1.1
9000 8.1 1.2
9100 8.2 1
9200 8.3 1.2
9300 8.5 1
9400 8.4 1.7
9500 8.2 1.2
9600 8.7 1.2
9700 8.4 1.1
9800 8.9 1.5
9900 9.2 1.4
10000 8.6 1.3

