500 0 0.1
600 0 0
700 0 0
800 0 0
900 0.1 0
1000 0.1 0
1100 0.1 0
1200 0.2 0
1300 0.8 0
1400 1.1 0
1500 1 0
1600 1 0
1700 1 0
1800 1 0
1900 1.1 0
2000 1 0
2100 1 0
2200 1 0
2300 1.1 0.1
2400 1.5 0
2500 1.4 0
2600 1.6 0
2700 1.8 0
2800 1.7 0
2900 2 0
3000 2 0.1
3100 2 0
3200 2 0
3300 2.2 0
3400 2.5 0.1
3500 2.9 0
3600 2.8 0
3700 2.9 0
3800 2.9 0.1
3900 2.8 0
4000 2.7 0
4100 3.3 0.2
4200 3.2 0.1
4300 3.5 0.1
4400 3.1 0.3
4500 3.2 0.1
4600 3.2 0
4700 3.5 0
4800 3.7 0
4900 3.4 0.1
5000 3.8 0
5100 3.9 0
5200 4 0.3
5300 3.7 0.1
5400 4.1 0.1
5500 4.8 0.2
5600 4.3 0
5700 4.2 0.1
5800 4.5 0.5
5900 4.4 1
6000 4.2 1
6100 4.5 1
6200 4.3 1
6300 4.5 1
6400 4.8 1.1
6500 4.9 1
6600 4.8 0.7
6700 5.1 1
6800 5.4 1
6900 5.5 1
7000 5.3 1
7100 5.5 1.1
7200 6 1
7300 5.7 1
7400 5.8 1
7500 6.2 1
7600 5.8 1
7700 6 1
7800 6.4 1
7900 6.7 1
8000 7.1 1.1
8100 6.7 1
8200 6.7 1
8300 6.7 1
8400 6.6 1
8500 6.6 1.1
8600 7.1 1.2
8700 7.1 1.1
8800 7.3 1
8900 7.2 1
9000 7 1
9100 7.3 1.2
9200 7.3 1.1
9300 7.2 1
9400 7 1
9500 7.9 1
9600 7.5 1
9700 7.6 1.1
9800 8.1 1.1
9900 7.9 1
10000 7.8 1.1

