NarrowArea
Count of points; S
100 1.0478
600 0.923867
1100 0.891091
1600 0.939006
2100 0.943181
2600 0.9503
3100 0.952942
3600 0.955789
4100 0.957117
4600 0.945665
5100 0.985502
5600 0.947909
6100 0.935041
6600 0.95613
7100 0.932356
7600 0.952182
8100 0.94494
8600 0.953081
9100 0.942871
9600 0.94464
10100 0.946735
10600 0.954372
11100 0.925998
11600 0.945089
12100 0.940255
12600 0.94801
13100 0.939305
13600 0.945282
14100 0.93801
14600 0.946284
15100 0.952108
15600 0.949433
16100 0.943041
16600 0.944364
17100 0.937802
17600 0.93747
18100 0.939864
18600 0.951488
19100 0.944276
19600 0.949159
20100 0.941103
20600 0.9295
21100 0.942315
21600 0.939437
22100 0.941353
22600 0.939745
23100 0.956423
23600 0.943178
24100 0.945208
24600 0.948186
25100 0.943505
25600 0.93115
26100 0.945234
26600 0.943541
27100 0.9464
27600 0.946278
28100 0.942791
28600 0.947582
29100 0.947968
29600 0.948855
30100 0.943817
30600 0.945406
31100 0.942216
31600 0.939234
32100 0.938713
32600 0.943549
33100 0.940171
33600 0.944388
34100 0.937132
34600 0.946107
35100 0.948615
35600 0.945071
36100 0.948694
36600 0.953188
37100 0.942892
37600 0.936826
38100 0.944981
38600 0.938213
39100 0.938317
39600 0.938462
40100 0.937128
40600 0.936493
41100 0.938916
41600 0.944084
42100 0.947082
42600 0.944456
43100 0.942048
43600 0.94326
44100 0.941265
44600 0.950227
45100 0.947524
45600 0.942879
46100 0.943834
46600 0.943934
47100 0.944965
47600 0.939761
48100 0.944151
48600 0.945218
49100 0.938139
49600 0.939756
50100 0.941441
50600 0.942993
51100 0.946003
51600 0.940275
52100 0.943513
52600 0.948842
53100 0.952161
53600 0.947377
54100 0.942745
54600 0.952126
55100 0.942137
55600 0.943543
56100 0.944442
56600 0.944997
57100 0.946962
57600 0.939652
58100 0.94035
58600 0.945621
59100 0.94111
59600 0.941863
60100 0.944319
60600 0.943221
61100 0.946621
61600 0.947717
62100 0.947897
62600 0.945887
63100 0.943775
63600 0.937047
64100 0.947982
64600 0.946191
65100 0.947776
65600 0.945859
66100 0.940647
66600 0.939473
67100 0.950354
67600 0.946325
68100 0.942951
68600 0.93657
69100 0.940408
69600 0.952179
70100 0.943724
70600 0.94561
71100 0.950678
71600 0.942907
72100 0.945509
72600 0.94654
73100 0.942215
73600 0.944517
74100 0.942523
74600 0.942005
75100 0.950091
75600 0.940968
76100 0.946178
76600 0.939803
77100 0.949293
77600 0.946661
78100 0.943544
78600 0.942293
79100 0.942789
79600 0.948969
80100 0.945155
80600 0.945498
81100 0.94069
81600 0.947415
82100 0.942345
82600 0.943842
83100 0.948779
83600 0.938617
84100 0.942341
84600 0.947199
85100 0.945288
85600 0.944663
86100 0.942671
86600 0.947122
87100 0.945333
87600 0.946593
88100 0.940473
88600 0.940887
89100 0.947709
89600 0.948324
90100 0.935577
90600 0.946008
91100 0.940946
91600 0.946769
92100 0.947483
92600 0.938133
93100 0.9464
93600 0.941615
94100 0.94658
94600 0.944328
95100 0.941158
95600 0.951085
96100 0.940069
96600 0.939909
97100 0.944973
97600 0.948045
98100 0.942576
98600 0.945732
99100 0.948958
99600 0.94489

