NarrowArea
Count of points; Relative deviation
100 0.0735644
600 0.00993508
1100 0.0679509
1600 0.0142947
2100 0.0133432
2600 0.00749887
3100 0.011859
3600 0.00844402
4100 0.00810313
4600 0.0279575
5100 0.014496
5600 0.00423001
6100 0.0104998
6600 0.00307782
7100 0.0133792
7600 0.00740832
8100 0.00420239
8600 0.0113221
9100 0.00258328
9600 0.00378445
10100 0.0157222
10600 0.0109398
11100 0.00977388
11600 0.0144875
12100 0.00509877
12600 0.000715362
13100 0.0167188
13600 0.00576888
14100 8.99314e-05
14600 0.00554745
15100 0.00120595
15600 0.00199341
16100 0.00532747
16600 0.00371802
17100 0.0039815
17600 0.00664797
18100 0.00225735
18600 0.00839592
19100 0.00686474
19600 0.00144568
20100 0.00272457
20600 0.00139405
21100 0.0180193
21600 0.00421934
22100 0.00173087
22600 0.00595199
23100 0.00168358
23600 0.00320648
24100 0.0049855
24600 0.00818945
25100 0.00890814
25600 0.00115469
26100 0.000885877
26600 0.00823101
27100 0.00978435
27600 0.0090923
28100 0.00345794
28600 0.00387028
29100 0.00199341
29600 0.00126803
30100 0.00312286
30600 0.00432167
31100 0.00876524
31600 0.00548077
32100 0.00157399
32600 0.00547104
33100 0.00270951
33600 0.00237327
34100 0.0124887
34600 0.00550991
35100 0.0012181
35600 0.00217821
36100 0.00372817
36600 0.00155343
37100 0.000707377
37600 0.00466878
38100 0.00283874
38600 0.0014368
39100 0.0045103
39600 0.00482932
40100 0.00278096
40600 0.00375625
41100 0.000905048
41600 0.00367086
42100 0.000939125
42600 0.0089237
43100 0.0037771
43600 0.00244484
44100 0.00259135
44600 0.00123117
45100 0.00123962
45600 0.00568183
46100 0.00342949
46600 0.00230059
47100 0.00195742
47600 0.00315639
48100 0.00165862
48600 0.00260863
49100 0.0031231
49600 0.00502364
50100 0.00661367
50600 0.00295715
51100 0.00269862
51600 1.77851e-05
52100 0.00189039
52600 0.00508204
53100 0.0012184
53600 0.00206018
54100 0.00579686
54600 0.00422181
55100 0.00218825
55600 0.00118888
56100 0.000877112
56600 0.00214784
57100 0.00152338
57600 0.00247977
58100 0.00371802
58600 0.00489411
59100 0.00123653
59600 0.00442515
60100 0.0027105
60600 0.00320398
61100 0.00228626
61600 0.00111458
62100 0.00229969
62600 0.00615264
63100 0.0019367
63600 0.00396274
64100 0.00380781
64600 0.0070344
65100 0.00210185
65600 0.00106605
66100 0.00371819
66600 0.00308425
67100 0.000726495
67600 0.000908204
68100 0.00125774
68600 0.000611031
69100 0.00660254
69600 0.00142574
70100 0.000257742
70600 0.000312874
71100 0.0022954
71600 0.00511715
72100 0.0023743
72600 0.0012294
73100 0.00363338
73600 0.00211497
74100 0.000517847
74600 2.13177e-05
75100 0.00244609
75600 0.00199341
76100 0.00143936
76600 0.00246809
77100 0.0096982
77600 0.00379406
78100 0.00481135
78600 0.00294644
79100 0.00284735
79600 0.00275768
80100 0.00485268
80600 0.000603919
81100 0.00438267
81600 0.00298015
82100 0.00140498
82600 0.000152152
83100 0.000787646
83600 0.00106719
84100 0.0013043
84600 0.00471108
85100 0.00245598
85600 0.00128272
86100 0.00247139
86600 0.00525791
87100 0.00112908
87600 0.0015032
88100 0.00212943
88600 0.00200519
89100 0.000818015
89600 0.000702478
90100 0.000166409
90600 0.00177617
91100 0.00175797
91600 0.000137726
92100 0.00232368
92600 0.00427348
93100 0.00089794
93600 0.00100783
94100 0.000820747
94600 0.00343493
95100 0.00148542
95600 0.0073837
96100 0.00301745
96600 0.00167853
97100 0.00133004
97600 0.00377169
98100 0.00245697
98600 0.00559195
99100 0.00179819
99600 0.00292889

