WideArea
Count of points; Relative deviation
100 0.192567
600 0.0604018
1100 0.0636871
1600 0.0310393
2100 0.0604018
2600 0.00492532
3100 0.0246983
3600 0.0182403
4100 0.0797931
4600 0.0888655
5100 0.0115087
5600 0.0203914
6100 0.0326101
6600 0.0644399
7100 0.0536123
7600 0.0142778
8100 0.0158904
8600 0.0532581
9100 0.0337944
9600 0.0344615
10100 0.0197467
10600 0.0463088
11100 0.0480134
11600 0.0111788
12100 0.0205363
12600 0.00963594
13100 0.00221971
13600 0.0100149
14100 0.0242634
14600 0.0101546
15100 0.0292893
15600 0.0242634
16100 0.0296075
16600 0.0131606
17100 0.0251892
17600 0.0114643
18100 0.0332481
18600 0.00211405
19100 0.0353366
19600 0.0222003
20100 0.0334502
20600 0.000472115
21100 0.0327702
21600 0.0133808
22100 0.0095857
22600 0.00739768
23100 0.0054902
23600 0.0274791
24100 0.00272794
24600 0.00178707
25100 0.00165259
25600 0.00732352
26100 0.0185211
26600 0.0295366
27100 0.00174025
27600 0.00480445
28100 0.0254208
28600 0.0344931
29100 0.0316207
29600 0.0138284
30100 0.00166981
30600 0.0136344
31100 0.0186858
31600 0.0203378
32100 0.0107537
32600 0.000678756
33100 0.00788647
33600 0.0197461
34100 0.0112281
34600 0.015844
35100 0.009404
35600 0.0052767
36100 0.0123755
36600 0.00500932
37100 0.0149122
37600 0.0114906
38100 0.00690558
38600 0.0113434
39100 0.0173315
39600 0.0116697
40100 0.00371587
40600 0.00324096
41100 0.00897338
41600 0.0119619
42100 0.00251851
42600 0.0136565
43100 0.000115226
43600 0.0118305
44100 0.0251503
44600 0.00830978
45100 0.0216191
45600 0.00595644
46100 0.00756604
46600 0.00751254
47100 0.00446783
47600 0.0153674
48100 0.0122507
48600 0.0223596
49100 0.0176895
49600 0.0144251
50100 0.0105766
50600 0.0036945
51100 0.0206566
51600 0.0249016
52100 0.000957245
52600 0.013043
53100 0.0231045
53600 0.0204203
54100 0.00442401
54600 0.000159813
55100 0.0083989
55600 0.0159048
56100 0.00453138
56600 0.0167275
57100 0.00592578
57600 0.00468842
58100 0.0210807
58600 0.0175486
59100 0.0149078
59600 0.00902517
60100 0.00423995
60600 0.00364547
61100 0.0039494
61600 0.0130483
62100 0.00978003
62600 0.0116207
63100 0.00322699
63600 0.0307965
64100 0.0195276
64600 0.00664172
65100 0.000448685
65600 0.00945109
66100 0.0213111
66600 0.0029218
67100 0.0149987
67600 0.0144804
68100 0.0185614
68600 0.0233151
69100 0.00229794
69600 0.000119202
70100 0.00214731
70600 0.00629657
71100 0.00886264
71600 0.0158623
72100 0.00415613
72600 0.0206794
73100 0.0160771
73600 0.00342962
74100 0.000561283
74600 0.000733142
75100 0.00215469
75600 0.0139381
76100 0.0187608
76600 0.000505094
77100 0.00753005
77600 0.00246858
78100 0.0143274
78600 0.0223579
79100 0.00795314
79600 0.00996239
80100 0.00477302
80600 0.00529746
81100 0.0162425
81600 0.0224033
82100 0.00518434
82600 0.0035623
83100 0.00013329
83600 0.00027199
84100 0.0261413
84600 0.0425889
85100 0.00503801
85600 0.00967968
86100 0.0201856
86600 0.0245138
87100 0.00584152
87600 0.00271665
88100 0.00322026
88600 0.00571598
89100 0.00613335
89600 0.0098645
90100 0.00898178
90600 0.00535655
91100 0.00355621
91600 0.00331417
92100 0.0187308
92600 0.002955
93100 0.00959066
93600 0.000755501
94100 0.00122084
94600 0.00730203
95100 0.00875922
95600 0.0226863
96100 0.00192602
96600 0.000582639
97100 0.00651054
97600 0.000174461
98100 0.00326554
98600 0.00586416
99100 0.00713435
99600 0.00118706

