WideArea
Count of points; S
100 0.3072
600 0.9728
1100 0.763345
1600 0.9152
2100 0.867962
2600 0.917662
3100 0.91169
3600 1.01262
4100 0.956566
4600 0.930504
5100 0.97782
5600 0.9856
6100 0.970282
6600 0.916945
7100 0.944676
7600 0.953937
8100 0.994923
8600 0.991851
9100 0.991367
9600 0.9632
10100 0.990543
10600 0.941887
11100 0.895769
11600 0.959559
12100 0.947835
12600 0.9216
13100 0.934107
13600 0.966024
14100 0.939756
14600 0.988932
15100 0.924991
15600 0.966236
16100 0.946405
16600 0.927769
17100 0.941361
17600 0.956509
18100 0.941401
18600 0.91169
19100 0.941437
19600 0.951902
20100 0.934336
20600 0.905196
21100 0.934703
21600 0.939141
22100 0.962375
22600 0.944255
23100 0.912734
23600 0.951539
24100 0.972588
24600 0.944078
25100 0.94771
25600 0.9524
26100 0.969857
26600 0.942773
27100 0.947672
27600 0.963896
28100 0.959863
28600 0.943083
29100 0.951159
29600 0.949622
30100 0.949837
30600 0.958745
31100 0.9351
31600 0.9728
32100 0.948077
32600 0.986621
33100 0.935212
33600 0.938057
34100 0.945323
34600 0.944092
35100 0.957775
35600 0.952378
36100 0.942591
36600 0.927755
37100 0.914424
37600 0.934672
38100 0.952239
38600 0.927171
39100 0.9271
39600 0.941511
40100 0.945093
40600 0.9443
41100 0.935801
41600 0.953354
42100 0.936437
42600 0.944916
43100 0.957476
43600 0.942033
44100 0.912544
44600 0.953743
45100 0.95702
45600 0.97527
46100 0.940036
46600 0.954561
47100 0.941602
47600 0.942682
48100 0.961198
48600 0.947937
49100 0.963102
49600 0.941419
50100 0.950624
50600 0.946289
51100 0.94204
51600 0.942437
52100 0.934572
52600 0.95781
53100 0.978103
53600 0.950257
54100 0.93466
54600 0.938479
55100 0.953379
55600 0.948305
56100 0.945694
56600 0.959412
57100 0.958364
57600 0.950756
58100 0.959317
58600 0.950608
59100 0.952268
59600 0.940843
60100 0.924156
60600 0.93816
61100 0.946404
61600 0.943543
62100 0.955733
62600 0.932887
63100 0.949026
63600 0.954123
64100 0.958183
64600 0.95568
65100 0.958722
65600 0.93799
66100 0.957851
66600 0.938205
67100 0.958379
67600 0.956743
68100 0.94205
68600 0.944438
69100 0.936271
69600 0.953232
70100 0.944096
70600 0.950463
71100 0.938451
71600 0.93533
72100 0.933672
72600 0.92964
73100 0.950317
73600 0.949426
74100 0.948547
74600 0.948504
75100 0.955961
75600 0.962641
76100 0.938016
76600 0.953684
77100 0.952944
77600 0.940338
78100 0.937334
78600 0.921339
79100 0.930791
79600 0.936523
80100 0.942566
80600 0.941038
81100 0.956323
81600 0.941302
82100 0.947418
82600 0.926435
83100 0.951667
83600 0.955284
84100 0.956302
84600 0.940482
85100 0.932069
85600 0.949712
86100 0.945981
86600 0.948323
87100 0.930653
87600 0.965436
88100 0.934153
88600 0.956504
89100 0.970099
89600 0.953829
90100 0.945921
90600 0.942057
91100 0.958581
91600 0.941946
92100 0.95162
92600 0.935202
93100 0.947887
93600 0.946762
94100 0.940752
94600 0.954182
95100 0.939797
95600 0.940452
96100 0.954632
96600 0.939197
97100 0.944801
97600 0.94741
98100 0.960222
98600 0.954106
99100 0.93555
99600 0.940826

