500 0 0
600 0 0
700 0 0
800 0 0
900 0 0
1000 0 0
1100 0 0
1200 0 0
1300 0 0
1400 0 0
1500 0 0
1600 0 0
1700 0 0
1800 0 0
1900 0 0
2000 0 0
2100 0 0
2200 0 0
2300 0.1 0
2400 0 0
2500 0 0
2600 0 0
2700 0 0
2800 0 0
2900 0 0
3000 0 0
3100 0 0
3200 0 0
3300 0 0
3400 0 0
3500 0 0
3600 0 0
3700 0 0
3800 0 0
3900 0 0
4000 0 0
4100 0 0
4200 0 0
4300 0 0
4400 0 0
4500 0 0.1
4600 0 0
4700 0 0
4800 0 0
4900 0 0
5000 0.1 0.1
5100 0 0
5200 0 0
5300 0 0
5400 0.1 0.1
5500 0 0
5600 0 0
5700 0 0.2
5800 0.1 0
5900 0.2 0
6000 0 0
6100 0 0.2
6200 0.1 0
6300 0 0
6400 0.1 0.1
6500 0.1 0
6600 0 0.1
6700 0 0.1
6800 0 0.3
6900 0.1 0.3
7000 0.2 0.2
7100 0.2 0.2
7200 0.2 0.1
7300 0.3 0.1
7400 0.4 0.1
7500 0.8 0.4
7600 0.6 0.4
7700 0.4 0.2
7800 1 0.2
7900 0.6 0.3
8000 0.6 0.3
8100 1 0.4
8200 1 0.7
8300 1 0.9
8400 1 1
8500 1 1
8600 1 1.1
8700 1 1
8800 1 1
8900 1 1
9000 1 1
9100 1 1
9200 1 1
9300 1 1
9400 1 1
9500 1.1 1
9600 1 1
9700 1 1
9800 1 1
9900 1 1
10000 1 1

