500 0 0 0
600 0 0 0
700 0 0 0
800 0 0 0
900 0 0 0
1000 0 0 0
1100 0 0 0
1200 0 0 0
1300 0 0 0
1400 0.3 0 0
1500 0 0 0
1600 0 0 0
1700 0 0 0
1800 0 0 0
1900 0 0.1 0
2000 0 0 0
2100 0 0.2 0
2200 0 0 0
2300 0 0 0
2400 0 0 0
2500 0 0.2 0
2600 0 0 0
2700 0 0.2 0
2800 0 0.1 0
2900 0 0 0
3000 0 0 0
3100 0 0 0
3200 0 0 0
3300 0 0.1 0
3400 0 0.1 0
3500 0 0 0
3600 0 0.6 0.1
3700 0 1 0
3800 0 1 0
3900 0 1 0
4000 0 1 0
4100 0 1 0
4200 0 1 0
4300 0.1 1.1 0
4400 0 1 0
4500 0 1 0
4600 0 1 0
4700 0 1.1 0.1
4800 0 1 0
4900 0 1.2 0
5000 0 1.1 0
5100 0 1 0.1
5200 0 1 0.1
5300 0.1 1.5 0
5400 0 1.3 0
5500 0 1.1 0
5600 0 1.1 0
5700 0 1.1 0
5800 0 1 0
5900 0 1.3 0
6000 0 1.3 0
6100 0 1.5 0
6200 0 1 0.1
6300 0.1 1.2 0.1
6400 0.1 1.2 0.1
6500 0.1 1.3 0.2
6600 0.2 1.3 0.1
6700 0.1 2.1 0.2
6800 0 2 0.1
6900 0 2 0.3
7000 0.1 2 0.3
7100 0.3 2 0.3
7200 0.1 2 0.5
7300 0.4 2 0.4
7400 0.3 2.1 0.4
7500 0.2 2.2 0.4
7600 0.2 2.2 0.3
7700 0 2 0.4
7800 0.1 2 0.6
7900 0.2 2.3 0.6
8000 0.1 2.2 0.7
8100 0.2 2.2 1
8200 0.6 2.4 0.5
8300 1.2 2.2 1
8400 0.5 2.2 1
8500 1 2.2 1
8600 1 2.4 1
8700 1 2.5 1
8800 1 2.8 1
8900 1 2.4 1
9000 1 2.2 1
9100 1 2.3 1
9200 1 2.8 1
9300 1 2.9 1
9400 1.1 2.7 1
9500 1 2.8 1
9600 1 3 1
9700 1.1 3 1
9800 1 3.1 1
9900 1 3 1
10000 1 3 1.1

