500 0 0 0
600 0 0 0
700 0 0.2 0
800 0 1 0
900 0 1.1 0
1000 0 1.1 0
1100 0 2 0
1200 0 2.1 0
1300 0 2.5 0
1400 0 3.1 0
1500 0 3.2 0
1600 0 4 0
1700 0 4.3 0
1800 0 5.6 0
1900 0 6.8 0
2000 0 6.7 0
2100 0 7.7 0
2200 0 8.6 0
2300 0 9.3 0
2400 0 9.4 0
2500 0 10.1 0
2600 0 11.2 0
2700 0 12.6 0
2800 0 12.9 0
2900 0 14 0
3000 0 15 0
3100 0 16.5 0
3200 0 17.7 0
3300 0.1 18.5 0.1
3400 0 19.7 0
3500 0.1 21.7 0
3600 0.1 22.5 0.1
3700 0 24.1 0
3800 0 24.8 0
3900 0 27.4 0
4000 0 27.8 0
4100 0.5 31.6 0
4200 0.8 30.7 0
4300 0.2 32 0
4400 0 33.7 0
4500 0 37 0
4600 0 37.9 0.1
4700 0 39.3 0.1
4800 0 44.9 0
4900 0.1 43.5 0
5000 0.1 44.6 0
5100 0 45.4 0
5200 0 46.3 0
5300 0 48.9 0
5400 0 52.3 0.1
5500 0.1 52.4 0
5600 0 54.2 0.1
5700 0.1 57.9 0
5800 0.1 58.7 0
5900 0.4 61.1 0
6000 0 63 0.1
6100 0.1 66.6 0.1
6200 0.1 67.6 0
6300 0.1 69.6 0.1
6400 0 71.7 0
6500 0.1 72.9 0
6600 0 78.6 0
6700 0 79.2 0
6800 0 80 0.1
6900 0.1 83.4 0
7000 0.2 86.8 0
7100 0.1 87.8 0
7200 0 93.1 0
7300 0.1 94.1 0
7400 0.1 100.8 0.5
7500 0.2 101 0.2
7600 1 102.1 0.3
7700 1 104.4 1
7800 1 109.6 1
7900 1 114 1
8000 1 112.2 1
8100 1 115.9 1
8200 1 118.3 1
8300 1 121.8 1
8400 1 120.7 1
8500 1 126 1
8600 1 129.5 1
8700 1 130.5 1
8800 1 136 1
8900 1 140 1.1
9000 1 145.7 1
9100 1 146.2 1
9200 1 147.8 1
9300 1 149.5 1
9400 1 155.7 1
9500 1.1 159.1 1
9600 1 169.7 1
9700 1 164.4 1
9800 1 165.5 1.1
9900 1 174.3 1
10000 1 174 1.1

