500 0 0
600 0 0
700 0 0
800 0 0
900 0 0
1000 0 0
1100 0 0
1200 0 0
1300 0 0
1400 0 0
1500 0 0
1600 0 0
1700 0 0
1800 0 0
1900 0 0
2000 0 0
2100 0 0
2200 0 0
2300 0 0
2400 0 0
2500 0 0
2600 0 0
2700 0 0
2800 0 0
2900 0 0
3000 0 0
3100 0 0
3200 0 0
3300 0 0
3400 0 0
3500 0 0
3600 0 0
3700 0.1 0
3800 0 0
3900 0.1 0
4000 0 0
4100 0 0
4200 0 0
4300 0 0
4400 0 0.1
4500 0 0
4600 0 0
4700 0 0
4800 0 0
4900 0 0
5000 0 0
5100 0 0
5200 0 0.1
5300 0 0
5400 0 0
5500 0 0
5600 0 0
5700 0.1 0.1
5800 0 0.1
5900 0.4 0.1
6000 0.2 0.2
6100 0.1 0.1
6200 0.1 0.2
6300 0.1 0.2
6400 0.1 0.2
6500 0.1 0.1
6600 0.1 0
6700 0.2 0.1
6800 0.2 0.1
6900 0.2 0
7000 0.2 0.1
7100 0.2 0.3
7200 0.1 0.3
7300 0.4 0.2
7400 0.4 0.3
7500 0.9 0.5
7600 0.8 0.5
7700 0.8 0.3
7800 1 1
7900 0.5 0.3
8000 1 0.5
8100 1 1
8200 1 0.4
8300 1.1 0.4
8400 1 1
8500 1 1.1
8600 1 1
8700 1.1 1.1
8800 1.1 1
8900 1 1
9000 1 1
9100 1 1
9200 1 1.1
9300 1 1
9400 1.1 1
9500 1.1 1.3
9600 1.1 1
9700 1.1 1.1
9800 1 1
9900 1 1
10000 1 1.1

