500 0 0
600 0 0
700 0.1 0
800 0.7 0
900 1.1 0
1000 1 0
1100 1.5 0
1200 2 0
1300 2.4 0
1400 3 0
1500 3.9 0
1600 3.8 0
1700 4.5 0
1800 5.1 0
1900 5.6 0
2000 6.7 0
2100 7.3 0
2200 7.4 0
2300 9.1 0
2400 9.1 0
2500 10.5 0
2600 10.6 0
2700 11.4 0
2800 13.1 0
2900 13.8 0.2
3000 15.3 0.1
3100 15.4 0.1
3200 17.1 0
3300 17.9 0.1
3400 18.7 0.2
3500 21.4 0.6
3600 22.6 0.9
3700 23.1 1
3800 24.5 1
3900 25.5 1
4000 25.7 1
4100 27.7 1
4200 29.7 1
4300 31.5 1.1
4400 32.3 1
4500 33.7 1.1
4600 35.8 1
4700 37.3 1
4800 40.1 1
4900 40.7 1
5000 41.9 1
5100 43.6 1.1
5200 46.1 1
5300 51 1.1
5400 50.6 1.3
5500 51.7 1.2
5600 52.5 1.4
5700 55.4 1.4
5800 55 1.3
5900 60 1.5
6000 62.7 1.6
6100 62.8 1.7
6200 65.7 1.5
6300 68.7 1.9
6400 67.2 1.7
6500 70.6 1.8
6600 73.2 1.9
6700 74.8 2
6800 80 2
6900 80.5 2.5
7000 82.8 2.3
7100 86.2 2.2
7200 89.8 2.1
7300 93.9 2
7400 91.4 2.1
7500 93.8 2.3
7600 98.5 2.3
7700 101.4 2.3
7800 105.1 2.5
7900 104.5 2.2
8000 110.6 2.1
8100 107.5 2.3
8200 116 2.2
8300 114.1 2
8400 115.8 2.5
8500 118.4 2.4
8600 123.9 2.5
8700 125.3 2.2
8800 131.5 2.6
8900 130.8 2.3
9000 134.6 2.3
9100 139.1 2.6
9200 140.4 2.8
9300 146 2.9
9400 149.3 3.1
9500 159.6 3.1
9600 151.6 3.1
9700 157.9 3
9800 163.4 3
9900 165.8 3.1
10000 169.5 3.1

